Date,Advances,Declines,Unchanged,Total,Advance_Decline_Diff,AD_Line,Pct_Advancing,AD_Line_SMA50,AD_Line_SMA200,AD_Line_ROC20
2024-04-22,0,0,0,0,0,0,,,,
2024-04-23,391,107,4,502,284,284,77.89,,,
2024-04-24,278,222,2,502,56,340,55.38,,,
2024-04-25,191,310,1,502,-119,221,38.05,,,
2024-04-26,265,235,2,502,30,251,52.79,,,
2024-04-29,361,138,3,502,223,474,71.91,,,
2024-04-30,58,442,2,502,-384,90,11.55,,,
2024-05-01,238,262,2,502,-24,66,47.41,,,
2024-05-02,358,144,0,502,214,280,71.31,,,
2024-05-03,377,123,2,502,254,534,75.1,,,
2024-05-06,386,113,3,502,273,807,76.89,,,
2024-05-07,324,177,1,502,147,954,64.54,,,
2024-05-08,248,253,1,502,-5,949,49.4,,,
2024-05-09,414,88,0,502,326,1275,82.47,,,
2024-05-10,302,194,6,502,108,1383,60.16,,,
2024-05-13,214,284,4,502,-70,1313,42.63,,,
2024-05-14,315,184,3,502,131,1444,62.75,,,
2024-05-15,363,136,3,502,227,1671,72.31,,,
2024-05-16,224,271,7,502,-47,1624,44.62,,,
2024-05-17,296,204,2,502,92,1716,58.96,,,
2024-05-20,218,280,4,502,-62,1654,43.43,,,inf
2024-05-21,252,247,3,502,5,1659,50.2,,,484.1549295774648
2024-05-22,178,322,2,502,-144,1515,35.46,,,345.5882352941177
2024-05-23,57,445,0,502,-388,1127,11.35,,,409.95475113122166
2024-05-24,360,141,1,502,219,1346,71.71,,,436.2549800796812
2024-05-28,134,364,4,502,-230,1116,26.69,,,135.44303797468356
2024-05-29,58,442,2,502,-384,732,11.55,,,713.3333333333333
2024-05-30,360,140,2,502,220,952,71.71,,,1342.4242424242425
2024-05-31,419,82,1,502,337,1289,83.47,,,360.3571428571429
2024-06-03,173,327,2,502,-154,1135,34.46,,,112.54681647940075
2024-06-04,232,270,0,502,-38,1097,46.22,,,35.9355638166047
2024-06-05,324,176,2,502,148,1245,64.54,,,30.503144654088054
2024-06-06,200,299,3,502,-99,1146,39.84,,,20.758693361433078
2024-06-07,189,310,3,502,-121,1025,37.65,,,-19.6078431372549
2024-06-10,289,211,2,502,78,1103,57.57,,,-20.24584237165582
2024-06-11,183,315,4,502,-132,971,36.45,,,-26.047220106626046
2024-06-12,297,204,1,502,93,1064,59.16,,,-26.315789473684216
2024-06-13,183,315,4,502,-132,932,36.45,,,-44.22501496110114
2024-06-14,136,364,2,502,-228,704,27.09,,,-56.65024630541872
2024-06-17,361,140,1,502,221,925,71.91,,,-46.095571095571096
2024-06-18,319,179,4,502,140,1065,63.55,,,-35.610640870616685
2024-06-20,287,214,1,502,73,1138,57.17,,,-31.404460518384568
2024-06-21,293,206,3,502,87,1225,58.37,,,-19.14191419141914
2024-06-24,353,146,3,502,207,1432,70.32,,,27.062999112688544
2024-06-25,118,381,3,502,-263,1169,23.51,,,-13.15007429420505
2024-06-26,173,328,1,502,-155,1014,34.46,,,-9.139784946236562
2024-06-27,285,215,2,502,70,1084,56.77,,,48.08743169398908
2024-06-28,269,232,1,502,37,1121,53.59,,,17.752100840336137
2024-07-01,126,374,2,502,-248,873,25.1,,,-32.27307990690458
2024-07-02,342,158,2,502,184,1057,68.13,991.82,,-6.872246696035244
2024-07-03,247,250,5,502,-3,1054,49.2,1012.9,,-3.919781221513219
2024-07-05,237,262,3,502,-25,1029,47.21,1027.8,,-17.34939759036145
2024-07-08,279,222,1,502,57,1086,55.58,1042.72,,-5.235602094240843
2024-07-09,197,303,3,503,-106,980,39.17,1057.9,,-4.390243902439028
2024-07-10,404,97,2,503,307,1287,80.32,1078.62,,16.681776971894834
2024-07-11,394,109,0,503,285,1572,78.33,1100.58,,61.89495365602471
2024-07-12,404,97,2,503,307,1879,80.32,1136.36,,76.59774436090225
2024-07-15,282,221,0,503,61,1940,56.06,1173.84,,108.15450643776825
2024-07-16,443,58,2,503,385,2325,88.07,1214.74,,230.25568181818184
2024-07-17,247,254,2,503,-7,2318,49.11,1250.42,,150.5945945945946
2024-07-18,118,383,2,503,-265,2053,23.46,1275.34,,92.7699530516432
2024-07-19,138,363,2,503,-225,1828,27.44,1292.82,,60.632688927943754
2024-07-22,392,108,3,503,284,2112,77.93,1316.08,,72.40816326530613
2024-07-23,189,312,2,503,-123,1989,37.57,1330.36,,38.896648044692725
2024-07-24,163,338,2,503,-175,1814,32.41,1338.98,,55.17536355859709
2024-07-25,288,213,2,503,75,1889,57.26,1350.5,,86.29191321499015
2024-07-26,439,61,3,503,378,2267,87.28,1366.96,,109.13284132841329
2024-07-29,273,226,4,503,47,2314,54.27,1379.82,,106.4228367528992
2024-07-30,338,163,2,503,175,2489,67.2,1397.12,,185.10882016036655
2024-07-31,288,214,1,503,74,2563,57.26,1414.06,,142.47871333964048
2024-08-01,171,331,1,503,-160,2403,34.0,1429.04,,127.98861480075901
2024-08-02,132,371,0,503,-239,2164,26.24,1439.14,,110.30126336248784
2024-08-05,23,480,0,503,-457,1707,4.57,1442.98,,57.18232044198894
2024-08-06,398,104,1,503,294,2001,79.13,1460.46,,104.18367346938777
2024-08-07,147,355,1,503,-208,1793,29.22,1469.4,,39.31623931623931
2024-08-08,456,45,2,503,411,2204,90.66,1491.16,,40.20356234096691
2024-08-09,298,203,2,503,95,2299,59.24,1522.5,,22.352315061202766
2024-08-12,164,337,2,503,-173,2126,32.6,1545.98,,9.587628865979392
2024-08-13,425,74,4,503,351,2477,84.49,1569.74,,6.537634408602155
2024-08-14,304,193,6,503,111,2588,60.44,1598.8,,11.647972389991379
2024-08-15,415,87,1,503,328,2916,82.5,1635.18,,42.03604481246956
2024-08-16,325,175,3,503,150,3066,64.61,1671.6,,67.72428884026257
2024-08-19,418,82,3,503,336,3402,83.1,1716.72,,61.07954545454546
2024-08-20,171,329,3,503,-158,3244,34.0,1761.1,,63.097033685268975
2024-08-21,403,99,1,503,304,3548,80.12,1810.0,,95.58985667034179
2024-08-22,211,289,3,503,-78,3470,41.95,1859.98,,83.69507676019057
2024-08-23,433,69,1,503,364,3834,86.08,1915.38,,69.12218791354212
2024-08-26,269,232,2,503,37,3871,53.48,1974.16,,67.28608470181503
2024-08-27,243,258,2,503,-15,3856,48.31,2037.2,,54.92165528324628
2024-08-28,214,284,5,503,-70,3786,42.54,2094.42,,47.71751853296917
2024-08-29,336,167,0,503,169,3955,66.8,2152.22,,64.5859342488556
2024-08-30,436,63,4,503,373,4328,86.68,2216.02,,100.0
2024-09-03,147,354,2,503,-207,4121,29.22,2273.94,,141.41769185705914
2024-09-04,241,261,1,503,-20,4101,47.91,2327.32,,104.94752623688157
2024-09-05,125,373,5,503,-248,3853,24.85,2381.0,,114.89124372559955
2024-09-06,84,416,3,503,-332,3521,16.7,2431.14,,59.754990925589844
2024-09-09,418,84,1,503,334,3855,83.1,2486.56,,67.68160069595477
2024-09-10,266,233,4,503,33,3888,52.88,2541.9,,82.87864534336782
2024-09-11,236,263,4,503,-27,3861,46.92,2601.66,,55.87404117884538
2024-09-12,376,126,1,503,250,4111,74.75,2662.74,,58.848531684698614
2024-09-13,425,75,3,503,350,4461,84.49,2730.88,,52.98353909465021
2024-09-16,386,115,2,503,271,4732,76.74,2804.94,,54.337899543378995
2024-09-17,270,232,1,503,38,4770,53.68,2878.62,,40.21164021164021
2024-09-18,212,286,5,503,-74,4696,42.15,2952.94,,44.759556103575825
2024-09-19,351,148,4,503,203,4899,69.78,3025.18,,38.07779030439684
2024-09-20,177,321,5,503,-144,4755,35.19,3088.84,,37.03170028818443
2024-09-23,361,136,6,503,225,4980,71.77,3150.86,,29.890453834115817
2024-09-24,253,247,3,503,6,4986,50.3,3211.78,,28.80392663394471
2024-09-25,132,369,2,503,-237,4749,26.24,3260.26,,23.158713692946066
2024-09-26,331,172,0,503,159,4908,65.81,3312.06,,29.635499207606976
2024-09-27,337,163,3,503,174,5082,67.0,3372.64,,28.495575221238933
2024-09-30,316,184,3,503,132,5214,62.82,3440.36,,20.471349353049906
2024-10-01,165,338,0,503,-173,5041,32.8,3498.94,,22.324678476098025
2024-10-02,225,274,4,503,-49,4992,44.73,3559.0,,21.726408193123635
2024-10-03,115,386,2,503,-271,4721,22.86,3617.14,,22.52790033739942
2024-10-04,361,142,0,503,219,4940,71.77,3678.16,,40.301050837830154
2024-10-07,104,394,5,503,-290,4650,20.68,3725.82,,20.62256809338521
2024-10-08,316,184,3,503,132,4782,62.82,3775.18,,22.99382716049383
2024-10-09,377,125,1,503,252,5034,74.95,3826.08,,30.38073038073037
2024-10-10,162,338,3,503,-176,4858,32.21,3871.98,,18.17076137192897
2024-10-11,435,68,0,503,367,5225,86.48,3928.42,,17.126204886796682
2024-10-14,402,101,0,503,301,5526,79.92,3995.66,,16.77937447168216
2024-10-15,247,255,1,503,-8,5518,49.11,4071.88,,15.681341719077558
2024-10-16,360,142,1,503,218,5736,71.57,4146.58,,22.146507666098803
2024-10-17,238,263,2,503,-25,5711,47.32,4224.94,,16.574811185956317
2024-10-18,319,183,1,503,136,5847,63.42,4297.8,,22.965299684542593
2024-10-21,83,417,3,503,-334,5513,16.5,4362.08,,10.702811244979916
2024-10-22,184,317,2,503,-133,5380,36.58,4427.16,,7.90212595266746
2024-10-23,181,316,6,503,-135,5245,35.98,4482.52,,10.444304064013465
2024-10-24,251,250,2,503,1,5246,49.9,4535.68,,6.886715566422175
2024-10-25,151,348,4,503,-197,5049,30.02,4578.34,,-0.649350649350644
2024-10-28,354,149,0,503,205,5254,70.38,4622.1,,0.7671653241273502
2024-10-29,163,339,1,503,-176,5078,32.41,4655.62,,0.7339813529061656
2024-10-30,244,256,3,503,-12,5066,48.51,4692.06,,1.482371794871784
2024-10-31,137,365,1,503,-228,4838,27.24,4717.86,,2.4782884981995323
2024-11-01,248,253,2,503,-5,4833,49.3,4745.12,,-2.165991902834008
2024-11-04,277,224,2,503,53,4886,55.07,4766.16,,5.075268817204304
2024-11-05,446,57,0,503,389,5275,88.67,4794.24,,10.309493935591796
2024-11-06,341,161,1,503,180,5455,67.79,4826.22,,8.363130711164079
2024-11-07,269,234,0,503,35,5490,53.48,4860.3,,13.009468917249901
2024-11-08,322,180,1,503,142,5632,64.02,4893.84,,7.789473684210524
2024-11-11,307,196,0,503,111,5743,61.03,4922.14,,3.926891060441551
2024-11-12,144,358,1,503,-214,5529,28.63,4950.3,,0.1993475897064112
2024-11-13,264,235,4,503,29,5558,52.49,4979.44,,-3.103207810320785
2024-11-14,143,360,0,503,-217,5341,28.43,5009.2,,-6.4787252670285405
2024-11-15,178,323,2,503,-145,5196,35.39,5042.7,,-11.133914828116986
2024-11-18,327,175,1,503,152,5348,65.01,5072.56,,-2.9929258117177615
2024-11-19,196,307,0,503,-111,5237,38.97,5099.54,,-2.6579925650557668
2024-11-20,310,192,1,503,118,5355,61.63,5129.42,,2.0972354623450817
2024-11-21,438,65,0,503,373,5728,87.08,5161.76,,9.187952725886394
2024-11-22,380,120,3,503,260,5988,75.55,5192.3,,18.597742127153882
2024-11-25,384,118,1,503,266,6254,76.34,5222.74,,19.03311762466693
2024-11-26,277,225,1,503,52,6306,55.07,5253.46,,24.182749113824343
2024-11-27,266,234,3,503,32,6338,52.88,5286.3,,25.10856691669956
2024-11-29,301,200,2,503,101,6439,59.84,5317.1,,33.09218685407194
2024-12-02,182,319,2,503,-137,6302,36.18,5348.04,,30.395199668942684
2024-12-03,156,345,2,503,-189,6113,31.01,5370.7,,25.112566516577985
2024-12-04,236,266,1,503,-30,6083,46.92,5392.64,,15.317535545023686
2024-12-05,188,314,1,503,-126,5957,37.38,5416.8,,9.202566452795601
2024-12-06,208,292,3,503,-84,5873,41.35,5436.1,,6.9763205828779595
2024-12-09,226,276,1,503,-50,5823,44.93,5450.92,,3.3913352272727293
2024-12-10,155,347,1,503,-192,5631,30.82,5459.26,,-1.9502002437750354
2024-12-11,240,260,3,503,-20,5611,47.71,5470.66,,1.483089166214513
2024-12-12,177,323,3,503,-146,5465,35.19,5480.12,,-1.6732637639438663
2024-12-13,163,335,5,503,-172,5293,32.41,5491.56,,-0.8987081070960468
2024-12-16,185,318,0,503,-133,5160,36.78,5495.96,,-0.6928406466512715
2024-12-17,120,380,3,503,-260,4900,23.86,5500.96,,-8.376963350785338
2024-12-18,19,484,0,503,-465,4435,3.78,5494.02,,-15.314111132327668
2024-12-19,198,303,2,503,-105,4330,39.36,5479.94,,-19.140989729225023
2024-12-20,448,54,1,503,394,4724,89.07,5477.26,,-17.527932960893857
2024-12-23,276,225,2,503,51,4775,54.87,5468.26,,-20.257181028724112
2024-12-24,461,41,1,503,420,5195,91.65,5461.64,,-16.933162775823472
2024-12-26,279,221,3,503,58,5253,55.47,5456.34,,-16.69838249286394
2024-12-27,52,449,2,503,-397,4856,10.34,5438.74,,-23.382770590091507
2024-12-30,34,468,1,503,-434,4422,6.76,5412.96,,-31.32473986643889
2024-12-31,297,200,6,503,97,4519,59.05,5386.4,,-28.29260552205649
2025-01-02,180,322,1,503,-142,4377,35.79,5363.68,,-28.398495010633074
2025-01-03,399,103,1,503,296,4673,79.32,5349.54,,-23.179352293276345
2025-01-06,233,267,3,503,-34,4639,46.32,5337.42,,-22.12523082088299
2025-01-07,205,296,2,503,-91,4548,40.76,5323.46,,-22.56087178613996
2025-01-08,294,205,4,503,89,4637,58.45,5315.22,,-20.367508157307235
2025-01-10,67,434,2,503,-367,4270,13.32,5295.54,,-24.169774462795246
2025-01-13,375,125,3,503,250,4520,74.55,5284.38,,-19.44394938513634
2025-01-14,381,119,3,503,262,4782,75.75,5278.7,,-12.497712717291854
2025-01-15,371,132,0,503,239,5021,73.76,5282.36,,-5.138862648781406
2025-01-16,375,125,3,503,250,5271,74.55,5291.12,,2.1511627906976694
2025-01-17,341,158,4,503,183,5454,67.79,5302.48,,11.306122448979593
2025-01-21,417,85,1,503,332,5786,82.9,5312.7,,30.462232243517473
2025-01-22,176,326,1,503,-150,5636,34.99,5316.32,,30.16166281755197
2025-01-23,326,173,4,503,153,5789,64.81,5322.3,,22.544453852667235
2025-01-24,251,246,6,503,5,5794,49.9,5325.54,,21.34031413612565
2025-01-27,348,155,0,503,193,5987,69.18,5330.42,,15.24542829643889
2025-01-28,154,346,3,503,-192,5795,30.62,5335.74,,10.317913573196268
2025-01-29,209,294,0,503,-85,5710,41.55,5338.78,,17.586490939044474
2025-01-30,413,89,1,503,324,6034,82.11,5352.64,,36.45409317051107
2025-01-31,123,379,1,503,-256,5778,24.45,5364.28,,27.86014605001106
2025-02-03,184,318,1,503,-134,5644,36.58,5370.2,,28.946767192140733
2025-02-04,253,248,2,503,5,5649,50.3,5378.44,,20.88594050930879
2025-02-05,351,149,3,503,202,5851,69.78,5388.36,,26.126320327656828
2025-02-06,261,240,2,503,21,5872,51.89,5391.24,3551.89,29.11169744942832
2025-02-07,136,365,2,503,-229,5643,27.04,5384.34,3580.105,21.695061462152253
2025-02-10,288,212,3,503,76,5719,57.26,5373.64,3607.28,33.9344262295082
2025-02-11,263,239,1,503,24,5743,52.29,5362.38,3634.295,27.057522123893808
2025-02-12,159,343,1,503,-184,5559,31.61,5346.8,3660.985,16.248431618569636
2025-02-13,396,107,0,503,289,5848,78.73,5334.98,3688.97,16.470822545309694
2025-02-14,220,282,1,503,-62,5786,43.74,5324.66,3715.53,9.770442041358374
2025-02-18,362,139,2,503,223,6009,71.97,5322.58,3745.125,10.176017601760169
2025-02-19,297,205,1,503,92,6101,59.05,5322.94,3775.3,5.4441755962668426
2025-02-20,233,270,0,503,-37,6064,46.32,5325.08,3804.22,7.594038325053232
2025-02-21,120,382,1,503,-262,5802,23.86,5323.66,3830.56,0.2245638279495532
2025-02-24,286,216,1,503,70,5872,56.86,5324.64,3855.885,1.3462202278218927
2025-02-25,295,207,1,503,88,5960,58.65,5331.22,3880.915,-0.4509771170870258
2025-02-26,200,301,2,503,-101,5859,39.76,5336.18,3905.465,1.1044003451251116
2025-02-27,187,316,0,503,-129,5730,37.18,5341.48,3927.74,0.3502626970227629
2025-02-28,443,60,0,503,383,6113,88.07,5357.88,3951.39,1.3092475969506134
2025-03-03,167,334,2,503,-167,5946,33.2,5373.6,3974.555,2.9075804776739433
2025-03-04,84,418,1,503,-334,5612,16.7,5387.84,3995.395,-0.566973777462787
2025-03-05,377,125,1,503,252,5864,74.95,5416.42,4016.36,3.805983359886711
2025-03-06,162,341,0,503,-179,5685,32.21,5443.52,4036.665,-2.8371218595111936
2025-03-07,345,156,2,503,189,5874,68.59,5466.52,4057.455,0.034059945504094635
2025-03-10,154,346,3,503,-192,5682,30.62,5484.66,4077.595,0.6911217437533201
2025-03-11,117,384,2,503,-267,5415,23.26,5489.06,4096.375,-5.3156146179402
2025-03-12,185,317,1,503,-132,5283,36.78,5489.66,4115.215,-8.009751001218879
2025-03-13,129,374,0,503,-245,5038,25.65,5493.3,4134.77,-9.372189242669549
2025-03-14,454,49,0,503,405,5443,90.26,5513.72,4155.255,-6.925444596443231
2025-03-17,460,42,1,503,418,5861,91.45,5540.56,4178.98,1.2962322848254493
2025-03-18,162,340,1,503,-178,5683,32.21,5566.68,4203.735,-5.425195540023298
2025-03-19,368,133,2,503,235,5918,73.16,5591.58,4228.565,-2.999508277331586
2025-03-20,181,316,6,503,-135,5783,35.98,5614.46,4251.035,-4.633905013192607
2025-03-21,150,352,1,503,-202,5581,29.82,5635.12,4273.265,-3.8090313684936206
2025-03-24,424,78,1,503,346,5927,84.29,5660.92,4297.415,0.9366485013623915
2025-03-25,219,281,3,503,-62,5865,43.54,5692.82,4320.515,-1.593959731543626
2025-03-26,266,235,2,503,31,5896,52.88,5720.34,4344.265,0.6315070831199865
2025-03-27,215,284,4,503,-69,5827,42.74,5741.24,4368.275,1.6928446771378614
2025-03-28,91,412,0,503,-321,5506,18.09,5750.94,4390.29,-9.929658105676431
2025-03-31,396,105,2,503,291,5797,78.73,5761.46,4414.42,-2.50588631012445
2025-04-01,301,201,1,503,100,5897,59.84,5770.32,4438.585,5.078403421240196
2025-04-02,391,112,0,503,279,6176,77.73,5778.12,4464.805,5.320600272851306
2025-04-03,95,407,1,503,-312,5864,18.89,5782.68,4490.605,3.1486367634124823
2025-04-04,14,489,0,503,-475,5389,2.78,5774.68,4512.925,-8.256724548859385
2025-04-07,160,342,1,503,-182,5207,31.81,5762.94,4533.635,-8.359732488560368
2025-04-08,69,434,0,503,-365,4842,13.72,5740.04,4552.155,-10.581717451523541
2025-04-09,494,9,0,503,485,5327,98.21,5730.68,4572.665,0.83286011735757
2025-04-10,75,427,1,503,-352,4975,14.91,5715.98,4590.38,-1.250496228662168
2025-04-11,437,64,2,503,373,5348,86.88,5702.26,4611.275,-1.745361014146607
2025-04-14,432,70,1,503,362,5710,85.88,5700.9,4634.755,-2.5763521583347604
2025-04-15,198,303,2,503,-105,5605,39.36,5700.12,4657.36,-1.372514516980472
2025-04-16,66,436,1,503,-370,5235,13.12,5691.84,4677.93,-11.54106116931396
2025-04-17,384,118,1,503,266,5501,76.34,5684.84,4701.07,-4.87636174995677
2025-04-21,39,464,0,503,-425,5076,7.75,5668.92,4721.165,-9.048557606163765
